

dTMP<-structure(list(jday = c(188L, 188L, 189L, 189L, 190L, 190L, 191L,
                              191L, 192L, 192L, 193L, 193L, 194L, 194L, 195L, 195L, 196L, 196L, 
                              197L, 197L, 198L, 198L, 199L, 199L, 200L, 200L, 201L, 201L, 202L, 
                              202L, 203L, 203L, 204L, 204L, 205L, 205L, 206L, 206L, 207L, 207L, 
                              208L, 208L, 209L, 209L, 210L, 210L, 211L, 211L, 212L, 212L, 213L, 
                              213L, 214L, 214L, 215L, 215L, 216L, 216L, 217L, 217L, 218L, 218L, 
                              219L, 219L, 220L, 220L, 221L, 221L, 222L, 222L, 223L, 223L, 224L, 
                              224L, 225L, 225L, 226L, 226L, 227L, 227L, 228L, 228L, 229L, 229L, 
                              230L, 230L, 231L, 231L, 232L, 232L, 233L, 233L, 234L, 234L, 235L, 
                              235L, 236L, 236L, 237L, 237L, 238L, 238L, 239L, 239L, 240L, 240L, 
                              241L, 241L, 242L, 242L, 243L, 243L, 244L, 244L, 245L, 245L, 246L, 
                              246L, 247L, 247L, 248L, 248L, 249L, 249L, 250L, 250L, 251L, 251L, 
                              252L, 252L, 253L, 253L, 254L, 254L, 255L, 255L, 256L, 256L, 257L, 
                              257L, 258L, 258L, 259L, 259L, 260L, 260L, 261L, 261L, 262L, 262L, 
                              263L, 263L, 264L, 264L, 265L, 265L, 266L, 266L, 267L, 267L, 268L, 
                              268L, 269L, 269L, 270L, 270L, 271L, 271L, 272L, 272L, 273L, 273L, 
                              274L, 274L, 275L, 275L, 276L, 276L, 277L, 277L, 278L, 278L, 279L, 
                              279L, 280L, 280L, 281L, 281L), site = c("A", "B", "A", "B", "A", 
                                                                      "B", "A", "B", "A", "B", "A", "B", "A", "B", "A", "B", "A", "B", 
                                                                      "A", "B", "A", "B", "A", "B", "A", "B", "A", "B", "A", "B", "A", 
                                                                      "B", "A", "B", "A", "B", "A", "B", "A", "B", "A", "B", "A", "B", 
                                                                      "A", "B", "A", "B", "A", "B", "A", "B", "A", "B", "A", "B", "A", 
                                                                      "B", "A", "B", "A", "B", "A", "B", "A", "B", "A", "B", "A", "B", 
                                                                      "A", "B", "A", "B", "A", "B", "A", "B", "A", "B", "A", "B", "A", 
                                                                      "B", "A", "B", "A", "B", "A", "B", "A", "B", "A", "B", "A", "B", 
                                                                      "A", "B", "A", "B", "A", "B", "A", "B", "A", "B", "A", "B", "A", 
                                                                      "B", "A", "B", "A", "B", "A", "B", "A", "B", "A", "B", "A", "B", 
                                                                      "A", "B", "A", "B", "A", "B", "A", "B", "A", "B", "A", "B", "A", 
                                                                      "B", "A", "B", "A", "B", "A", "B", "A", "B", "A", "B", "A", "B", 
                                                                      "A", "B", "A", "B", "A", "B", "A", "B", "A", "B", "A", "B", "A", 
                                                                      "B", "A", "B", "A", "B", "A", "B", "A", "B", "A", "B", "A", "B", 
                                                                      "A", "B", "A", "B", "A", "B", "A", "B", "A", "B", "A", "B", "A", 
                                                                      "B"), temp.avg = c(5.99097902097902, 6.09086713286713, 7.42745833333333, 
                                                                                         8.1678125, 6.88500694444444, 8.23406944444444, 6.12922222222222, 
                                                                                         7.26203472222222, 6.65711111111111, 6.40924305555556, 8.31249305555555, 
                                                                                         8.32240277777778, 7.90968055555556, 8.42810416666667, 8.95072222222222, 
                                                                                         9.70318055555556, 9.85254861111111, 11.4095486111111, 9.16079166666667, 
                                                                                         11.0159375, 7.79172916666667, 9.49722222222222, 5.92420138888889, 
                                                                                         7.548875, 5.80441666666667, 6.89536805555556, 5.63051388888889, 
                                                                                         6.84440277777778, 6.24066666666667, 7.36372222222222, 5.56700694444444, 
                                                                                         6.445375, 6.19682638888889, 6.48272222222222, 6.77991666666667, 
                                                                                         7.06177777777778, 7.8626875, 8.15279861111111, 8.97194444444444, 
                                                                                         9.16716666666667, 10.5453472222222, 10.578875, 10.2557361111111, 
                                                                                         11.9828888888889, 10.7251736111111, 12.4082430555556, 11.4249166666667, 
                                                                                         12.098875, 11.8695, 12.2577361111111, 11.9151319444444, 12.2548541666667, 
                                                                                         11.4099513888889, 11.7989097222222, 11.0229027777778, 11.2145, 
                                                                                         10.8331736111111, 11.2092083333333, 11.2498819444444, 11.6196180555556, 
                                                                                         11.2190416666667, 12.3128958333333, 9.60270138888889, 11.6026111111111, 
                                                                                         8.4145, 9.01735416666667, 9.02104861111111, 9.877, 9.37068055555556, 
                                                                                         10.2840416666667, 9.59797222222222, 10.5512777777778, 9.90951388888889, 
                                                                                         10.4284722222222, 10.5020347222222, 11.006375, 11.0382777777778, 
                                                                                         11.6005972222222, 11.0032222222222, 11.5620277777778, 11.9508472222222, 
                                                                                         12.2476041666667, 11.3607430555556, 12.1189722222222, 10.9222222222222, 
                                                                                         12.3047291666667, 9.87395138888889, 10.6235972222222, 10.3749027777778, 
                                                                                         10.7676666666667, 10.7136388888889, 11.9661875, 9.41833333333333, 
                                                                                         11.2963611111111, 9.05438194444444, 11.3133680555556, 9.29961805555556, 
                                                                                         10.7892638888889, 9.13478472222222, 9.78157638888889, 10.0053055555556, 
                                                                                         10.2844236111111, 11.2174722222222, 11.3485555555556, 10.5509652777778, 
                                                                                         11.3064583333333, 10.9914722222222, 11.1644097222222, 11.0532986111111, 
